Title: a berkeley spice3 compatible circuit
Date: Fri Apr  4 03:36:09  2025
Plotname: DC transfer characteristic
Flags: real
No. Variables: 8
No. Points: 151     
Variables:
	0	v(v-sweep)	voltage
	1	v(vcc)	voltage
	2	v(1)	voltage
	3	v(base)	voltage
	4	v(coll)	voltage
	5	v(emit)	voltage
	6	i(vin)	current
	7	i(vcc)	current
Values:
0		0.000000000000000e+00
	0.000000000000000e+00
	0.000000000000000e+00
	1.510307685356183e-28
	-4.377408270074503e-29
	3.420867438855607e-30
	0.000000000000000e+00
	-9.713816084065620e-33
1		1.000000000000000e-01
	1.000000000000000e-01
	0.000000000000000e+00
	1.935483990196190e-02
	9.999999929276006e-02
	1.974221227411298e-11
	0.000000000000000e+00
	-8.064517823239592e-07
2		2.000000000000000e-01
	2.000000000000000e-01
	0.000000000000000e+00
	3.870967979374101e-02
	1.999999985888402e-01
	3.915924386853906e-11
	0.000000000000000e+00
	-1.612903563898450e-06
3		3.000000000000000e-01
	3.000000000000000e-01
	0.000000000000000e+00
	5.806451968959397e-02
	2.999999978823815e-01
	5.901675554880707e-11
	0.000000000000000e+00
	-2.419355346083184e-06
4		4.000000000000000e-01
	4.000000000000000e-01
	0.000000000000000e+00
	7.741935958533405e-02
	3.999999971737657e-01
	7.943321965530788e-11
	0.000000000000000e+00
	-3.225807128822135e-06
5		5.000000000000000e-01
	5.000000000000000e-01
	0.000000000000000e+00
	9.677419948084647e-02
	4.999999964605864e-01
	1.010315443624634e-10
	0.000000000000000e+00
	-4.032258912733489e-06
6		6.000000000000000e-01
	6.000000000000000e-01
	0.000000000000000e+00
	1.161290393758798e-01
	5.999999957377620e-01
	1.251277403753641e-10
	0.000000000000000e+00
	-4.838710699122772e-06
7		7.000000000000000e-01
	7.000000000000000e-01
	0.000000000000000e+00
	1.354838792699014e-01
	6.999999949945530e-01
	1.545030055568891e-10
	0.000000000000000e+00
	-5.645162490748942e-06
8		7.999999999999999e-01
	7.999999999999999e-01
	0.000000000000000e+00
	1.548387191617849e-01
	7.999999942082632e-01
	1.950351425505687e-10
	0.000000000000000e+00
	-6.451614293442865e-06
9		8.999999999999999e-01
	8.999999999999999e-01
	0.000000000000000e+00
	1.741935590491499e-01
	8.999999933309253e-01
	2.591463759074340e-10
	0.000000000000000e+00
	-7.258066119527636e-06
10		9.999999999999999e-01
	9.999999999999999e-01
	0.000000000000000e+00
	1.935483989269653e-01
	9.999999922611652e-01
	3.730900080795110e-10
	0.000000000000000e+00
	-8.064517995046930e-06
11		1.100000000000000e+00
	1.100000000000000e+00
	0.000000000000000e+00
	2.129032387845987e-01
	1.099999990784738e+00
	5.923501379302085e-10
	0.000000000000000e+00
	-8.870969975041762e-06
12		1.200000000000000e+00
	1.200000000000000e+00
	0.000000000000000e+00
	2.322580785995791e-01
	1.199999988448853e+00
	1.034187638956359e-09
	0.000000000000000e+00
	-9.677422175836752e-06
13		1.300000000000000e+00
	1.300000000000000e+00
	0.000000000000000e+00
	2.516129183244163e-01
	1.299999984296579e+00
	1.946423271252170e-09
	0.000000000000000e+00
	-1.048387484327393e-05
14		1.400000000000000e+00
	1.400000000000000e+00
	0.000000000000000e+00
	2.709677578587431e-01
	1.399999976305525e+00
	3.852804797965395e-09
	0.000000000000000e+00
	-1.129032849691918e-05
15		1.500000000000000e+00
	1.500000000000000e+00
	0.000000000000000e+00
	2.903225969904428e-01
	1.499999960201539e+00
	7.860227519046563e-09
	0.000000000000000e+00
	-1.209678423482927e-05
16		1.600000000000000e+00
	1.600000000000000e+00
	0.000000000000000e+00
	3.096774352712258e-01
	1.599999926951583e+00
	1.630801675481222e-08
	0.000000000000000e+00
	-1.290324437765107e-05
17		1.700000000000000e+00
	1.700000000000000e+00
	0.000000000000000e+00
	3.290322717536723e-01
	1.699999857465157e+00
	3.414012284118696e-08
	0.000000000000000e+00
	-1.370971382985914e-05
18		1.800000000000000e+00
	1.800000000000000e+00
	0.000000000000000e+00
	3.483871044355033e-01
	1.799999711396348e+00
	7.180510259410256e-08
	0.000000000000000e+00
	-1.451620295658145e-05
19		1.900000000000001e+00
	1.900000000000001e+00
	0.000000000000000e+00
	3.677419290851234e-01
	1.899999403478531e+00
	1.513848253902428e-07
	0.000000000000000e+00
	-1.532273366337166e-05
20		2.000000000000000e+00
	2.000000000000000e+00
	0.000000000000000e+00
	3.870967367596406e-01
	1.999998753512479e+00
	3.195462713282850e-07
	0.000000000000000e+00
	-1.612935224458857e-05
21		2.100000000000001e+00
	2.100000000000001e+00
	0.000000000000000e+00
	4.064515085600091e-01
	2.099997380682519e+00
	6.749109358385420e-07
	0.000000000000000e+00
	-1.693615653426705e-05
22		2.200000000000001e+00
	2.200000000000001e+00
	0.000000000000000e+00
	4.258062045491358e-01
	2.199994480256427e+00
	1.425883831866308e-06
	0.000000000000000e+00
	-1.774335327337374e-05
23		2.300000000000001e+00
	2.300000000000001e+00
	0.000000000000000e+00
	4.451607403431290e-01
	2.299988351899228e+00
	3.012808122417784e-06
	0.000000000000000e+00
	-1.855137928907465e-05
24		2.400000000000001e+00
	2.400000000000001e+00
	0.000000000000000e+00
	4.645149376919461e-01
	2.399975403873491e+00
	6.365851712478158e-06
	0.000000000000000e+00
	-1.936115732218574e-05
25		2.500000000000001e+00
	2.500000000000001e+00
	0.000000000000000e+00
	4.838684202723649e-01
	2.499948053268244e+00
	1.344879412264400e-05
	0.000000000000000e+00
	-2.017463547208595e-05
26		2.600000000000001e+00
	2.600000000000001e+00
	0.000000000000000e+00
	5.032203945086725e-01
	2.599890309536993e+00
	2.840277690730317e-05
	0.000000000000000e+00
	-2.099592181465889e-05
27		2.700000000000001e+00
	2.700000000000001e+00
	0.000000000000000e+00
	5.225691910307552e-01
	2.699768534880624e+00
	5.993912758540245e-05
	0.000000000000000e+00
	-2.183365812030214e-05
28		2.800000000000001e+00
	2.800000000000001e+00
	0.000000000000000e+00
	5.419113161866782e-01
	2.799512332230804e+00
	1.262888819187562e-04
	0.000000000000000e+00
	-2.270592985587614e-05
29		2.900000000000001e+00
	2.900000000000001e+00
	0.000000000000000e+00
	5.612395369497830e-01
	2.898975956137956e+00
	2.651963745278795e-04
	0.000000000000000e+00
	-2.365017997974471e-05
30		3.000000000000001e+00
	3.000000000000001e+00
	0.000000000000000e+00
	5.805392100991809e-01
	2.997864345777262e+00
	5.530747938674470e-04
	0.000000000000000e+00
	-2.474221154586450e-05
31		3.100000000000001e+00
	3.100000000000001e+00
	0.000000000000000e+00
	5.997820111633333e-01
	3.095606763194417e+00
	1.137730636745351e-03
	0.000000000000000e+00
	-2.612865086415754e-05
32		3.200000000000002e+00
	3.200000000000002e+00
	0.000000000000000e+00
	6.189178382930811e-01
	3.191193656389213e+00
	2.280611986942759e-03
	0.000000000000000e+00
	-2.806885844034834e-05
33		3.300000000000002e+00
	3.300000000000002e+00
	0.000000000000000e+00
	6.378715358353373e-01
	3.283110639342514e+00
	4.373905995521843e-03
	0.000000000000000e+00
	-3.095188993843835e-05
34		3.400000000000002e+00
	3.400000000000002e+00
	0.000000000000000e+00
	6.565555033597051e-01
	3.369592563837046e+00
	7.874740793478247e-03
	0.000000000000000e+00
	-3.523122346972508e-05
35		3.500000000000002e+00
	3.500000000000002e+00
	0.000000000000000e+00
	6.749111797860001e-01
	3.449459424411430e+00
	1.308870754071831e-02
	0.000000000000000e+00
	-4.121001014792771e-05
36		3.600000000000002e+00
	3.600000000000002e+00
	0.000000000000000e+00
	6.929297980303176e-01
	3.522534564370529e+00
	2.006155579191787e-02
	0.000000000000000e+00
	-4.893363423238235e-05
37		3.700000000000002e+00
	3.700000000000002e+00
	0.000000000000000e+00
	7.106476275859355e-01
	3.589548813815400e+00
	2.860401928892198e-02
	0.000000000000000e+00
	-5.821434069455146e-05
38		3.800000000000002e+00
	3.800000000000002e+00
	0.000000000000000e+00
	7.281233337686756e-01
	3.651684278555089e+00
	3.840996293562954e-02
	0.000000000000000e+00
	-6.874843882767590e-05
39		3.900000000000002e+00
	3.900000000000002e+00
	0.000000000000000e+00
	7.453983982941933e-01
	3.709776814944160e+00
	4.926292136703375e-02
	0.000000000000000e+00
	-8.032119167240219e-05
40		4.000000000000002e+00
	4.000000000000002e+00
	0.000000000000000e+00
	7.625212886556091e-01
	3.764803042717642e+00
	6.090997511167284e-02
	0.000000000000000e+00
	-9.268169923712616e-05
41		4.100000000000001e+00
	4.100000000000001e+00
	0.000000000000000e+00
	7.795255857365502e-01
	3.817439616505863e+00
	7.317588796928487e-02
	0.000000000000000e+00
	-1.056561245257469e-04
42		4.200000000000001e+00
	4.200000000000001e+00
	0.000000000000000e+00
	7.964356895932754e-01
	3.868178197315236e+00
	8.593333234508327e-02
	0.000000000000000e+00
	-1.191181566129814e-04
43		4.300000000000001e+00
	4.300000000000001e+00
	0.000000000000000e+00
	8.132699904236748e-01
	3.917389347538484e+00
	9.908634208034017e-02
	0.000000000000000e+00
	-1.329725955987165e-04
44		4.400000000000000e+00
	4.400000000000000e+00
	0.000000000000000e+00
	8.300424384733073e-01
	3.965354164550634e+00
	1.125621201620804e-01
	0.000000000000000e+00
	-1.471472257304892e-04
45		4.500000000000000e+00
	4.500000000000000e+00
	0.000000000000000e+00
	8.467637278701546e-01
	4.012288134974940e+00
	1.263048610798211e-01
	0.000000000000000e+00
	-1.615866870866990e-04
46		4.600000000000000e+00
	4.600000000000000e+00
	0.000000000000000e+00
	8.634421685162903e-01
	4.058358703295087e+00
	1.402712010054563e-01
	0.000000000000000e+00
	-1.762479620853277e-04
47		4.699999999999999e+00
	4.699999999999999e+00
	0.000000000000000e+00
	8.800843062508326e-01
	4.103697768135379e+00
	1.544269815770913e-01
	0.000000000000000e+00
	-1.910971651079075e-04
48		4.799999999999999e+00
	4.799999999999999e+00
	0.000000000000000e+00
	8.966953651791978e-01
	4.148410595191960e+00
	1.687449416783674e-01
	0.000000000000000e+00
	-2.061072527092440e-04
49		4.899999999999999e+00
	4.899999999999999e+00
	0.000000000000000e+00
	9.132795661865996e-01
	4.192582235281673e+00
	1.832030553283740e-01
	0.000000000000000e+00
	-2.212563747787304e-04
50		4.999999999999998e+00
	4.999999999999998e+00
	0.000000000000000e+00
	9.298403588457376e-01
	4.236282197275242e+00
	1.977833215117533e-01
	0.000000000000000e+00
	-2.365266740332751e-04
51		5.099999999999998e+00
	5.099999999999998e+00
	0.000000000000000e+00
	9.463805923154275e-01
	4.279567891707651e+00
	2.124708723719179e-01
	0.000000000000000e+00
	-2.519034013312937e-04
52		5.199999999999998e+00
	5.199999999999998e+00
	0.000000000000000e+00
	9.629026428441408e-01
	4.322487199975159e+00
	2.272533078548830e-01
	0.000000000000000e+00
	-2.673742556292098e-04
53		5.299999999999997e+00
	5.299999999999997e+00
	0.000000000000000e+00
	9.794085100605641e-01
	4.365080414583439e+00
	2.421201932347535e-01
	0.000000000000000e+00
	-2.829288855190249e-04
54		5.399999999999997e+00
	5.399999999999997e+00
	0.000000000000000e+00
	9.958998905482603e-01
	4.407381721683473e+00
	2.570626751749405e-01
	0.000000000000000e+00
	-2.985585083551646e-04
55		5.499999999999996e+00
	5.499999999999996e+00
	0.000000000000000e+00
	1.012378234694777e+00
	4.449420346575639e+00
	2.720731850719538e-01
	0.000000000000000e+00
	-3.142556159669901e-04
56		5.599999999999996e+00
	5.599999999999996e+00
	0.000000000000000e+00
	1.028844791082280e+00
	4.491221448184961e+00
	2.871452074092814e-01
	0.000000000000000e+00
	-3.300137448622631e-04
57		5.699999999999996e+00
	5.699999999999996e+00
	0.000000000000000e+00
	1.045300641496100e+00
	4.532806824480684e+00
	3.022730970717687e-01
	0.000000000000000e+00
	-3.458272950002475e-04
58		5.799999999999995e+00
	5.799999999999995e+00
	0.000000000000000e+00
	1.061746728792189e+00
	4.574195474004974e+00
	3.174519339241119e-01
	0.000000000000000e+00
	-3.616913855313145e-04
59		5.899999999999995e+00
	5.899999999999995e+00
	0.000000000000000e+00
	1.078183879274634e+00
	4.615404046780542e+00
	3.326774060373192e-01
	0.000000000000000e+00
	-3.776017389558314e-04
60		5.999999999999995e+00
	5.999999999999995e+00
	0.000000000000000e+00
	1.094612820812423e+00
	4.656447209363742e+00
	3.479457151493359e-01
	0.000000000000000e+00
	-3.935545873396328e-04
61		6.099999999999994e+00
	6.099999999999994e+00
	0.000000000000000e+00
	1.111034197619613e+00
	4.697337942664844e+00
	3.632534995372264e-01
	0.000000000000000e+00
	-4.095465958020477e-04
62		6.199999999999994e+00
	6.199999999999994e+00
	0.000000000000000e+00
	1.127448582400415e+00
	4.738087786671253e+00
	3.785977706401329e-01
	0.000000000000000e+00
	-4.255747996449041e-04
63		6.299999999999994e+00
	6.299999999999994e+00
	0.000000000000000e+00
	1.143856486396642e+00
	4.778707042901469e+00
	3.939758606288829e-01
	0.000000000000000e+00
	-4.416365523407836e-04
64		6.399999999999993e+00
	6.399999999999993e+00
	0.000000000000000e+00
	1.160258367752373e+00
	4.819204942957017e+00
	4.093853787553752e-01
	0.000000000000000e+00
	-4.577294822309321e-04
65		6.499999999999993e+00
	6.499999999999993e+00
	0.000000000000000e+00
	1.176654638519769e+00
	4.859589789686911e+00
	4.248241747946023e-01
	0.000000000000000e+00
	-4.738514562591823e-04
66		6.599999999999993e+00
	6.599999999999993e+00
	0.000000000000000e+00
	1.193045670559493e+00
	4.899869076081516e+00
	4.402903082541629e-01
	0.000000000000000e+00
	-4.900005494273480e-04
67		6.699999999999992e+00
	6.699999999999992e+00
	0.000000000000000e+00
	1.209431800536647e+00
	4.940049585940558e+00
	4.557820223038724e-01
	0.000000000000000e+00
	-5.061750189329502e-04
68		6.799999999999992e+00
	6.799999999999992e+00
	0.000000000000000e+00
	1.225813334172014e+00
	4.980137479535818e+00
	4.712977215912749e-01
	0.000000000000000e+00
	-5.223732821619143e-04
69		6.899999999999991e+00
	6.899999999999991e+00
	0.000000000000000e+00
	1.242190549876676e+00
	5.020138366850828e+00
	4.868359532744800e-01
	0.000000000000000e+00
	-5.385938978728136e-04
70		6.999999999999991e+00
	6.999999999999991e+00
	0.000000000000000e+00
	1.258563701873678e+00
	5.060057370477916e+00
	5.023953907334072e-01
	0.000000000000000e+00
	-5.548355500382054e-04
71		7.099999999999991e+00
	7.099999999999991e+00
	0.000000000000000e+00
	1.274933022890066e+00
	5.099899179864257e+00
	5.179748195214781e-01
	0.000000000000000e+00
	-5.710970339084670e-04
72		7.199999999999990e+00
	7.199999999999990e+00
	0.000000000000000e+00
	1.291298726487788e+00
	5.139668098284515e+00
	5.335731252008916e-01
	0.000000000000000e+00
	-5.873772439442184e-04
73		7.299999999999990e+00
	7.299999999999990e+00
	0.000000000000000e+00
	1.307661009090280e+00
	5.179368083668301e+00
	5.491892827693463e-01
	0.000000000000000e+00
	-6.036751633274791e-04
74		7.399999999999990e+00
	7.399999999999990e+00
	0.000000000000000e+00
	1.324020051749869e+00
	5.219002784219033e+00
	5.648223474357013e-01
	0.000000000000000e+00
	-6.199898548109517e-04
75		7.499999999999989e+00
	7.499999999999989e+00
	0.000000000000000e+00
	1.340376021695155e+00
	5.258575569593041e+00
	5.804714465453629e-01
	0.000000000000000e+00
	-6.363204527079075e-04
76		7.599999999999989e+00
	7.599999999999989e+00
	0.000000000000000e+00
	1.356729073690107e+00
	5.298089558282840e+00
	5.961357724887291e-01
	0.000000000000000e+00
	-6.526661558572395e-04
77		7.699999999999989e+00
	7.699999999999989e+00
	0.000000000000000e+00
	1.373079351231182e+00
	5.337547641743168e+00
	6.118145764531476e-01
	0.000000000000000e+00
	-6.690262214253347e-04
78		7.799999999999988e+00
	7.799999999999988e+00
	0.000000000000000e+00
	1.389426987605741e+00
	5.376952505708116e+00
	6.275071629023566e-01
	0.000000000000000e+00
	-6.853999594295512e-04
79		7.899999999999988e+00
	7.899999999999988e+00
	0.000000000000000e+00
	1.405772106828826e+00
	5.416306649086130e+00
	6.432128846831411e-01
	0.000000000000000e+00
	-7.017867278839829e-04
80		7.999999999999988e+00
	7.999999999999988e+00
	0.000000000000000e+00
	1.422114824477136e+00
	5.455612400744488e+00
	6.589311386785769e-01
	0.000000000000000e+00
	-7.181859284874079e-04
81		8.099999999999987e+00
	8.099999999999987e+00
	0.000000000000000e+00
	1.438455248430829e+00
	5.494871934467741e+00
	6.746613619342128e-01
	0.000000000000000e+00
	-7.345970027803701e-04
82		8.199999999999987e+00
	8.199999999999987e+00
	0.000000000000000e+00
	1.454793479536551e+00
	5.534087282315997e+00
	6.904030281985708e-01
	0.000000000000000e+00
	-7.510194287133499e-04
83		8.299999999999986e+00
	8.299999999999986e+00
	0.000000000000000e+00
	1.471129612200979e+00
	5.573260346585281e+00
	7.061556448257617e-01
	0.000000000000000e+00
	-7.674527175740686e-04
84		8.399999999999986e+00
	8.399999999999986e+00
	0.000000000000000e+00
	1.487463734923782e+00
	5.612392910538970e+00
	7.219187499962884e-01
	0.000000000000000e+00
	-7.838964112305098e-04
85		8.499999999999986e+00
	8.499999999999986e+00
	0.000000000000000e+00
	1.503795930776070e+00
	5.651486648062669e+00
	7.376919102167022e-01
	0.000000000000000e+00
	-8.003500796505258e-04
86		8.599999999999985e+00
	8.599999999999985e+00
	0.000000000000000e+00
	1.520126277832667e+00
	5.690543132361723e+00
	7.534747180671343e-01
	0.000000000000000e+00
	-8.168133186673818e-04
87		8.699999999999985e+00
	8.699999999999985e+00
	0.000000000000000e+00
	1.536454849561611e+00
	5.729563843819887e+00
	7.692667901661889e-01
	0.000000000000000e+00
	-8.332857479608196e-04
88		8.799999999999985e+00
	8.799999999999985e+00
	0.000000000000000e+00
	1.552781715177487e+00
	5.768550177106447e+00
	7.850677653302316e-01
	0.000000000000000e+00
	-8.497670092311835e-04
89		8.899999999999984e+00
	8.899999999999984e+00
	0.000000000000000e+00
	1.569106939960733e+00
	5.807503447624621e+00
	8.008773029035876e-01
	0.000000000000000e+00
	-8.662567645427938e-04
90		8.999999999999984e+00
	8.999999999999984e+00
	0.000000000000000e+00
	1.585430585548573e+00
	5.846424897363914e+00
	8.166950812428053e-01
	0.000000000000000e+00
	-8.827546948204298e-04
91		9.099999999999984e+00
	9.099999999999984e+00
	0.000000000000000e+00
	1.601752710199175e+00
	5.885315700227761e+00
	8.325207963370080e-01
	0.000000000000000e+00
	-8.992604984806292e-04
92		9.199999999999983e+00
	9.199999999999983e+00
	0.000000000000000e+00
	1.618073369033011e+00
	5.924176966886440e+00
	8.483541605510470e-01
	0.000000000000000e+00
	-9.157738901849376e-04
93		9.299999999999983e+00
	9.299999999999983e+00
	0.000000000000000e+00
	1.634392614251796e+00
	5.963009749213095e+00
	8.641949014767684e-01
	0.000000000000000e+00
	-9.322945997002738e-04
94		9.399999999999983e+00
	9.399999999999983e+00
	0.000000000000000e+00
	1.650710495340789e+00
	6.001815044331359e+00
	8.800427608847081e-01
	0.000000000000000e+00
	-9.488223708590600e-04
95		9.499999999999982e+00
	9.499999999999982e+00
	0.000000000000000e+00
	1.667027059252353e+00
	6.040593798328717e+00
	8.958974937624601e-01
	0.000000000000000e+00
	-9.653569606052367e-04
96		9.599999999999982e+00
	9.599999999999982e+00
	0.000000000000000e+00
	1.683342350574667e+00
	6.079346909660529e+00
	9.117588674331197e-01
	0.000000000000000e+00
	-9.818981381197543e-04
97		9.699999999999982e+00
	9.699999999999982e+00
	0.000000000000000e+00
	1.699656411687299e+00
	6.118075232274181e+00
	9.276266607462362e-01
	0.000000000000000e+00
	-9.984456840179475e-04
98		9.799999999999981e+00
	9.799999999999981e+00
	0.000000000000000e+00
	1.715969282903603e+00
	6.156779578484404e+00
	9.435006633330859e-01
	0.000000000000000e+00
	-1.014999389610856e-03
99		9.899999999999981e+00
	9.899999999999981e+00
	0.000000000000000e+00
	1.732281002602398e+00
	6.195460721620059e+00
	9.593806749213427e-01
	0.000000000000000e+00
	-1.031559056225238e-03
100		9.999999999999980e+00
	9.999999999999980e+00
	0.000000000000000e+00
	1.748591607348434e+00
	6.234119398467619e+00
	9.752665047022002e-01
	0.000000000000000e+00
	-1.048124494575839e-03
101		1.009999999999998e+01
	1.009999999999998e+01
	0.000000000000000e+00
	1.764901132005323e+00
	6.272756311521188e+00
	9.911579707476852e-01
	0.000000000000000e+00
	-1.064695524187330e-03
102		1.019999999999998e+01
	1.019999999999998e+01
	0.000000000000000e+00
	1.781209609837998e+00
	6.311372131069749e+00
	1.007054899470133e+00
	0.000000000000000e+00
	-1.081271972858089e-03
103		1.029999999999998e+01
	1.029999999999998e+01
	0.000000000000000e+00
	1.797517072608558e+00
	6.349967497125134e+00
	1.022957125122915e+00
	0.000000000000000e+00
	-1.097853676164901e-03
104		1.039999999999998e+01
	1.039999999999998e+01
	0.000000000000000e+00
	1.813823550665495e+00
	6.388543021206497e+00
	1.038864489338219e+00
	0.000000000000000e+00
	-1.114440477004494e-03
105		1.049999999999998e+01
	1.049999999999998e+01
	0.000000000000000e+00
	1.830129073025522e+00
	6.427099287999853e+00
	1.054776840697377e+00
	0.000000000000000e+00
	-1.131032225167213e-03
106		1.059999999999998e+01
	1.059999999999998e+01
	0.000000000000000e+00
	1.846433667450121e+00
	6.465636856896425e+00
	1.070694034332401e+00
	0.000000000000000e+00
	-1.147628776941794e-03
107		1.069999999999998e+01
	1.069999999999998e+01
	0.000000000000000e+00
	1.862737360516024e+00
	6.504156263425665e+00
	1.086615931554900e+00
	0.000000000000000e+00
	-1.164229994747228e-03
108		1.079999999999998e+01
	1.079999999999998e+01
	0.000000000000000e+00
	1.879040177682516e+00
	6.542658020582032e+00
	1.102542399512450e+00
	0.000000000000000e+00
	-1.180835746791879e-03
109		1.089999999999998e+01
	1.089999999999998e+01
	0.000000000000000e+00
	1.895342143351725e+00
	6.581142620070159e+00
	1.118473310866148e+00
	0.000000000000000e+00
	-1.197445906753616e-03
110		1.099999999999998e+01
	1.099999999999998e+01
	0.000000000000000e+00
	1.911643280926219e+00
	6.619610533460734e+00
	1.134408543491315e+00
	0.000000000000000e+00
	-1.214060353482851e-03
111		1.109999999999998e+01
	1.109999999999998e+01
	0.000000000000000e+00
	1.927943612863674e+00
	6.658062213265103e+00
	1.150347980199063e+00
	0.000000000000000e+00
	-1.230678970726459e-03
112		1.119999999999998e+01
	1.119999999999998e+01
	0.000000000000000e+00
	1.944243160725500e+00
	6.696498093949593e+00
	1.166291508473817e+00
	0.000000000000000e+00
	-1.247301646867202e-03
113		1.129999999999998e+01
	1.129999999999998e+01
	0.000000000000000e+00
	1.960541945224239e+00
	6.734918592874964e+00
	1.182239020229786e+00
	0.000000000000000e+00
	-1.263928274682376e-03
114		1.139999999999998e+01
	1.139999999999998e+01
	0.000000000000000e+00
	1.976839986267848e+00
	6.773324111177290e+00
	1.198190411582998e+00
	0.000000000000000e+00
	-1.280558751117497e-03
115		1.149999999999998e+01
	1.149999999999998e+01
	0.000000000000000e+00
	1.993137302999389e+00
	6.811715034599290e+00
	1.214145582636057e+00
	0.000000000000000e+00
	-1.297192977072746e-03
116		1.159999999999997e+01
	1.159999999999997e+01
	0.000000000000000e+00
	2.009433913836790e+00
	6.850091734258975e+00
	1.230104437278861e+00
	0.000000000000000e+00
	-1.313830857205478e-03
117		1.169999999999997e+01
	1.169999999999997e+01
	0.000000000000000e+00
	2.025729836508329e+00
	6.888454567379007e+00
	1.246066882999892e+00
	0.000000000000000e+00
	-1.330472299742857e-03
118		1.179999999999997e+01
	1.179999999999997e+01
	0.000000000000000e+00
	2.042025088086356e+00
	6.926803877969250e+00
	1.262032830709422e+00
	0.000000000000000e+00
	-1.347117216306502e-03
119		1.189999999999997e+01
	1.189999999999997e+01
	0.000000000000000e+00
	2.058319685019511e+00
	6.965139997466123e+00
	1.278002194573933e+00
	0.000000000000000e+00
	-1.363765521748228e-03
120		1.199999999999997e+01
	1.199999999999997e+01
	0.000000000000000e+00
	2.074613643162074e+00
	7.003463245337278e+00
	1.293974891859491e+00
	0.000000000000000e+00
	-1.380417133994711e-03
121		1.209999999999997e+01
	1.209999999999997e+01
	0.000000000000000e+00
	2.090906977802646e+00
	7.041773929646778e+00
	1.309950842785395e+00
	0.000000000000000e+00
	-1.397071973902280e-03
122		1.219999999999997e+01
	1.219999999999997e+01
	0.000000000000000e+00
	2.107199703690482e+00
	7.080072347589710e+00
	1.325929970385718e+00
	0.000000000000000e+00
	-1.413729965119573e-03
123		1.229999999999997e+01
	1.229999999999997e+01
	0.000000000000000e+00
	2.123491835060076e+00
	7.118358785997214e+00
	1.341912200378597e+00
	0.000000000000000e+00
	-1.430391033957799e-03
124		1.239999999999997e+01
	1.239999999999997e+01
	0.000000000000000e+00
	2.139783385655442e+00
	7.156633521807684e+00
	1.357897461044048e+00
	0.000000000000000e+00
	-1.447055109269674e-03
125		1.249999999999997e+01
	1.249999999999997e+01
	0.000000000000000e+00
	2.156074368752210e+00
	7.194896822515526e+00
	1.373885683107889e+00
	0.000000000000000e+00
	-1.463722122334131e-03
126		1.259999999999997e+01
	1.259999999999997e+01
	0.000000000000000e+00
	2.172364797177345e+00
	7.233148946598642e+00
	1.389876799630994e+00
	0.000000000000000e+00
	-1.480392006746516e-03
127		1.269999999999997e+01
	1.269999999999997e+01
	0.000000000000000e+00
	2.188654683330669e+00
	7.271390143911091e+00
	1.405870745907508e+00
	0.000000000000000e+00
	-1.497064698317688e-03
128		1.279999999999997e+01
	1.279999999999997e+01
	0.000000000000000e+00
	2.204944039203052e+00
	7.309620656063654e+00
	1.421867459366491e+00
	0.000000000000000e+00
	-1.513740134976256e-03
129		1.289999999999997e+01
	1.289999999999997e+01
	0.000000000000000e+00
	2.221232876393828e+00
	7.347840716781561e+00
	1.437866879479090e+00
	0.000000000000000e+00
	-1.530418256676679e-03
130		1.299999999999997e+01
	1.299999999999997e+01
	0.000000000000000e+00
	2.237521206127428e+00
	7.386050552243594e+00
	1.453868947670796e+00
	0.000000000000000e+00
	-1.547099005312156e-03
131		1.309999999999997e+01
	1.309999999999997e+01
	0.000000000000000e+00
	2.253809039270183e+00
	7.424250381398871e+00
	1.469873607239389e+00
	0.000000000000000e+00
	-1.563782324633221e-03
132		1.319999999999997e+01
	1.319999999999997e+01
	0.000000000000000e+00
	2.270096386344297e+00
	7.462440416274501e+00
	1.485880803275254e+00
	0.000000000000000e+00
	-1.580468160168728e-03
133		1.329999999999997e+01
	1.329999999999997e+01
	0.000000000000000e+00
	2.286383257542782e+00
	7.500620862261459e+00
	1.501890482587478e+00
	0.000000000000000e+00
	-1.597156459152395e-03
134		1.339999999999997e+01
	1.339999999999997e+01
	0.000000000000000e+00
	2.302669662743186e+00
	7.538791918386064e+00
	1.517902593633306e+00
	0.000000000000000e+00
	-1.613847170453057e-03
135		1.349999999999997e+01
	1.349999999999997e+01
	0.000000000000000e+00
	2.318955611519813e+00
	7.576953777572115e+00
	1.533917086450382e+00
	0.000000000000000e+00
	-1.630540244507329e-03
136		1.359999999999997e+01
	1.359999999999997e+01
	0.000000000000000e+00
	2.335241113156008e+00
	7.615106626887097e+00
	1.549933912593064e+00
	0.000000000000000e+00
	-1.647235633256355e-03
137		1.369999999999997e+01
	1.369999999999997e+01
	0.000000000000000e+00
	2.351526176656810e+00
	7.653250647771829e+00
	1.565953025072859e+00
	0.000000000000000e+00
	-1.663933290086801e-03
138		1.379999999999997e+01
	1.379999999999997e+01
	0.000000000000000e+00
	2.367810810758539e+00
	7.691386016267883e+00
	1.581974378299419e+00
	0.000000000000000e+00
	-1.680633169772436e-03
139		1.389999999999997e+01
	1.389999999999997e+01
	0.000000000000000e+00
	2.384095023940211e+00
	7.729512903226995e+00
	1.597997928026640e+00
	0.000000000000000e+00
	-1.697335228420334e-03
140		1.399999999999997e+01
	1.399999999999997e+01
	0.000000000000000e+00
	2.400378824433154e+00
	7.767631474512254e+00
	1.614023631300174e+00
	0.000000000000000e+00
	-1.714039423419184e-03
141		1.409999999999997e+01
	1.409999999999997e+01
	0.000000000000000e+00
	2.416662220230874e+00
	7.805741891189310e+00
	1.630051446408126e+00
	0.000000000000000e+00
	-1.730745713390167e-03
142		1.419999999999997e+01
	1.419999999999997e+01
	0.000000000000000e+00
	2.432945219097753e+00
	7.843844309710473e+00
	1.646081332833424e+00
	0.000000000000000e+00
	-1.747454058139662e-03
143		1.429999999999997e+01
	1.429999999999997e+01
	0.000000000000000e+00
	2.449227828577483e+00
	7.881938882088762e+00
	1.662113251208552e+00
	0.000000000000000e+00
	-1.764164418614534e-03
144		1.439999999999996e+01
	1.439999999999996e+01
	0.000000000000000e+00
	2.465510056002362e+00
	7.920025756060225e+00
	1.678147163273636e+00
	0.000000000000000e+00
	-1.780876756860422e-03
145		1.449999999999996e+01
	1.449999999999996e+01
	0.000000000000000e+00
	2.481791908499992e+00
	7.958105075246753e+00
	1.694183031834331e+00
	0.000000000000000e+00
	-1.797591035979926e-03
146		1.459999999999996e+01
	1.459999999999996e+01
	0.000000000000000e+00
	2.498073393001015e+00
	7.996176979305763e+00
	1.710220820722948e+00
	0.000000000000000e+00
	-1.814307220094144e-03
147		1.469999999999996e+01
	1.469999999999996e+01
	0.000000000000000e+00
	2.514354516246665e+00
	8.034241604072884e+00
	1.726260494761517e+00
	0.000000000000000e+00
	-1.831025274306015e-03
148		1.479999999999996e+01
	1.479999999999996e+01
	0.000000000000000e+00
	2.530635284795709e+00
	8.072299081699361e+00
	1.742302019726233e+00
	0.000000000000000e+00
	-1.847745164665018e-03
149		1.489999999999996e+01
	1.489999999999996e+01
	0.000000000000000e+00
	2.546915705030051e+00
	8.110349540787450e+00
	1.758345362312482e+00
	0.000000000000000e+00
	-1.864466858132395e-03
150		1.499999999999996e+01
	1.499999999999996e+01
	0.000000000000000e+00
	2.563195783161552e+00
	8.148393106513105e+00
	1.774390490102842e+00
	0.000000000000000e+00
	-1.881190322549631e-03
